[header]
width=22
height=16
tilewidth=8
tileheight=8
orientation=orthogonal
background_color=0,0,0,255

[tilesets]
tileset=assets/cavesofgallet_tiles.png,8,8,0,0

[layer]
type=TilesLayer
data=
4,4,4,4,4,4,4,4,4,4,4,4,4,4,4,4,4,4,4,4,4,4,
43,1,1,1,1,1,1,1,1,1,1,1,1,1,1,1,1,1,1,1,1,20,
43,1,1,1,1,1,1,1,1,1,1,1,1,1,1,1,1,1,1,1,1,20,
43,1,1,1,1,1,1,1,1,1,1,1,1,1,44,1,12,13,13,13,13,14,
43,1,1,1,1,1,1,1,37,37,37,37,37,37,38,1,28,29,1,1,1,1,
43,1,1,1,1,1,1,1,1,1,1,1,1,1,1,1,1,1,20,1,1,1,
43,1,1,1,1,1,1,1,1,1,1,1,1,1,1,1,1,1,20,1,1,1,
43,1,1,1,1,1,1,1,35,1,1,1,1,1,1,1,1,1,20,1,1,1,
33,34,34,34,34,34,34,34,43,1,1,1,1,12,13,13,13,13,14,1,1,1,
1,1,1,1,1,1,1,1,43,1,1,1,1,20,1,1,1,1,1,1,1,1,
1,29,29,29,29,29,29,29,51,1,1,15,16,28,29,29,29,29,29,29,29,1,
43,1,1,1,1,1,1,1,1,1,1,1,1,1,1,1,1,1,1,1,1,20,
43,1,1,1,1,1,1,1,1,1,1,1,1,1,1,1,1,1,1,1,1,20,
43,1,1,1,1,1,1,1,37,37,37,37,37,37,1,1,1,1,1,1,1,20,
43,30,1,1,1,1,1,1,1,1,1,1,1,1,1,1,1,1,1,1,1,20,
33,13,13,13,13,13,13,13,13,13,13,13,13,13,13,13,13,13,13,13,13,14

[ObjectsLayer]
# Player
type=Player
location=3,12,1,1

[ObjectsLayer]
# Enemy3
type=Enemy
location=18,2,1,1

[ObjectsLayer]
# Enemy2
type=Enemy
location=18,13,1,1

[ObjectsLayer]
# Enemy1
type=Enemy
location=2,5,1,1

