[header]
width=50
height=25
tilewidth=16
tileheight=16
orientation=orthogonal
background_color=0,0,0,255

[tilesets]
tileset=../assets/fantasy.png,16,16,0,0

[layer]
type=BackgroundLayer
data=
2334,2335,2336,2337,2338,2339,2334,2335,2336,2337,2338,2339,2334,2335,2336,2337,2338,2339,2334,2335,2336,2337,2338,2339,2334,2335,2336,2337,2338,2339,2334,2335,2336,2337,2338,2339,2334,2335,2336,2337,2338,2339,2334,2335,2336,2337,2338,2339,2334,2335,
2420,2421,2422,2423,2424,2425,2420,2421,2422,2423,2424,2425,2420,2421,2422,2423,2424,2425,2420,2421,2422,2423,2424,2425,2420,2421,2422,2423,2424,2425,2420,2421,2422,2423,2424,2425,2420,2421,2422,2423,2424,2425,2420,2421,2422,2423,2424,2425,2420,2421,
2506,2507,2508,2509,2510,2511,2506,2507,2508,2509,2510,2511,2506,2507,2508,2509,2510,2511,2506,2507,2508,2509,2510,2511,2506,2507,2508,2509,2510,2511,2506,2507,2508,2509,2510,2511,2506,2507,2508,2509,2510,2511,2506,2507,2508,2509,2510,2511,2506,2507,
2592,2593,2594,2595,2596,2597,2592,2593,2594,2595,2596,2597,2592,2593,2594,2595,2596,2597,2592,2593,2594,2595,2596,2597,2592,2593,2594,2595,2596,2597,2592,2593,2594,2595,2596,2597,2592,2593,2594,2595,2596,2597,2592,2593,2594,2595,2596,2597,2592,2593,
2334,2335,2336,2337,2338,2339,2334,2335,2336,2337,2338,2339,2334,2335,2336,2337,2338,2339,2334,2335,2336,2337,2338,2339,2334,2335,2336,2337,2338,2339,2334,2335,2336,2337,2338,2339,2334,2335,2336,2337,2338,2339,2334,2335,2336,2337,2338,2339,2334,2335,
2420,2421,2422,2423,2424,2425,2420,2421,2422,2423,2424,2425,2420,2421,2422,2423,2424,2425,2420,2421,2422,2423,2424,2425,2420,2421,2422,2423,2424,2425,2420,2421,2422,2423,2424,2425,2420,2421,2422,2423,2424,2425,2420,2421,2422,2423,2424,2425,2420,2421,
2506,2507,2508,2509,2510,2511,2506,2507,2508,2509,2510,2511,2506,2507,2508,2509,2510,2511,2506,2507,2508,2509,2510,2511,2506,2507,2508,2509,2510,2511,2506,2507,2508,2509,2510,2511,2506,2507,2508,2509,2510,2511,2506,2507,2508,2509,2510,2511,2506,2507,
2592,2593,2594,2595,2596,2597,2592,2593,2594,2595,2596,2597,2592,2593,2594,2595,2596,2597,2592,2593,2594,2595,2596,2597,2592,2593,2594,2595,2596,2597,2592,2593,2594,2595,2596,2597,2592,2593,2594,2595,2596,2597,2592,2593,2594,2595,2596,2597,2592,2593,
2334,2335,2336,2337,2338,2339,2334,2335,2336,2337,2338,2339,2334,2335,2336,2337,2338,2339,2334,2335,2336,2337,2338,2339,2334,2335,2336,2337,2338,2339,2334,2335,2336,2337,2338,2339,2334,2335,2336,2337,2338,2339,2334,2335,2336,2337,2338,2339,2334,2335,
2420,2421,2422,2423,2424,2425,2420,2421,2422,2423,2424,2425,2420,2421,2422,2423,2424,2425,2420,2421,2422,2423,2424,2425,2420,2421,2422,2423,2424,2425,2420,2421,2422,2423,2424,2425,2420,2421,2422,2423,2424,2425,2420,2421,2422,2423,2424,2425,2420,2421,
2506,2507,2508,2509,2510,2511,2506,2507,2508,2509,2510,2511,2506,2507,2508,2509,2510,2511,2506,2507,2508,2509,2510,2511,2506,2507,2508,2509,2510,2511,2506,2507,2508,2509,2510,2511,2506,2507,2508,2509,2510,2511,2506,2507,2508,2509,2510,2511,2506,2507,
2592,2593,2594,2595,2596,2597,2592,2593,2594,2595,2596,2597,2592,2593,2594,2595,2596,2597,2592,2593,2594,2595,2596,2597,2592,2593,2594,2595,2596,2597,2592,2593,2594,2595,2596,2597,2592,2593,2594,2595,2596,2597,2592,2593,2594,2595,2596,2597,2592,2593,
2334,2335,2336,2337,2338,2339,2334,2335,2336,2337,2338,2339,2334,2335,2336,2337,2338,2339,2334,2335,2336,2337,2338,2339,2334,2335,2336,2337,2338,2339,2334,2335,2336,2337,2338,2339,2334,2335,2336,2337,2338,2339,2334,2335,2336,2337,2338,2339,2334,2335,
2420,2421,2422,2423,2424,2425,2420,2421,2422,2423,2424,2425,2420,2421,2422,2423,2424,2425,2420,2421,2422,2423,2424,2425,2420,2421,2422,2423,2424,2425,2420,2421,2422,2423,2424,2425,2420,2421,2422,2423,2424,2425,2420,2421,2422,2423,2424,2425,2420,2421,
2506,2507,2508,2509,2510,2511,2506,2507,2508,2509,2510,2511,2506,2507,2508,2509,2510,2511,2506,2507,2508,2509,2510,2511,2506,2507,2508,2509,2510,2511,2506,2507,2508,2509,2510,2511,2506,2507,2508,2509,2510,2511,2506,2507,2508,2509,2510,2511,2506,2507,
2592,2593,2594,2595,2596,2597,2592,2593,2594,2595,2596,2597,2592,2593,2594,2595,2596,2597,2592,2593,2594,2595,2596,2597,2592,2593,2594,2595,2596,2597,2592,2593,2594,2595,2596,2597,2592,2593,2594,2595,2596,2597,2592,2593,2594,2595,2596,2597,2592,2593,
2334,2335,2336,2337,2338,2339,2334,2335,2336,2337,2338,2339,2334,2335,2336,2337,2338,2339,2334,2335,2336,2337,2338,2339,2334,2335,2336,2337,2338,2339,2334,2335,2336,2337,2338,2339,2334,2335,2336,2337,2338,2339,2334,2335,2336,2337,2338,2339,2334,2335,
2420,2421,2422,2423,2424,2425,2420,2421,2422,2423,2424,2425,2420,2421,2422,2423,2424,2425,2420,2421,2422,2423,2424,2425,2420,2421,2422,2423,2424,2425,2420,2421,2422,2423,2424,2425,2420,2421,2422,2423,2424,2425,2420,2421,2422,2423,2424,2425,2420,2421,
2506,2507,2508,2509,2510,2511,2506,2507,2508,2509,2510,2511,2506,2507,2508,2509,2510,2511,2506,2507,2508,2509,2510,2511,2506,2507,2508,2509,2510,2511,2506,2507,2508,2509,2510,2511,2506,2507,2508,2509,2510,2511,2506,2507,2508,2509,2510,2511,2506,2507,
2592,2593,2594,2595,2596,2597,2592,2593,2594,2595,2596,2597,2592,2593,2594,2595,2596,2597,2592,2593,2594,2595,2596,2597,2592,2593,2594,2595,2596,2597,2592,2593,2594,2595,2596,2597,2592,2593,2594,2595,2596,2597,2592,2593,2594,2595,2596,2597,2592,2593,
2334,2335,2336,2337,2338,2339,2334,2335,2336,2337,2338,2339,2334,2335,2336,2337,2338,2339,2334,2335,2336,2337,2338,2339,2334,2335,2336,2337,2338,2339,2334,2335,2336,2337,2338,2339,2334,2335,2336,2337,2338,2339,2334,2335,2336,2337,2338,2339,2334,2335,
2420,2421,2422,2423,2424,2425,2420,2421,2422,2423,2424,2425,2420,2421,2422,2423,2424,2425,2420,2421,2422,2423,2424,2425,2420,2421,2422,2423,2424,2425,2420,2421,2422,2423,2424,2425,2420,2421,2422,2423,2424,2425,2420,2421,2422,2423,2424,2425,2420,2421,
2506,2507,2508,2509,2510,2511,2506,2507,2508,2509,2510,2511,2506,2507,2508,2509,2510,2511,2506,2507,2508,2509,2510,2511,2506,2507,2508,2509,2510,2511,2506,2507,2508,2509,2510,2511,2506,2507,2508,2509,2510,2511,2506,2507,2508,2509,2510,2511,2506,2507,
2592,2593,2594,2595,2596,2597,2592,2593,2594,2595,2596,2597,2592,2593,2594,2595,2596,2597,2592,2593,2594,2595,2596,2597,2592,2593,2594,2595,2596,2597,2592,2593,2594,2595,2596,2597,2592,2593,2594,2595,2596,2597,2592,2593,2594,2595,2596,2597,2592,2593,
2334,2335,2336,2337,2338,2339,2334,2335,2336,2337,2338,2339,2334,2335,2336,2337,2338,2339,2334,2335,2336,2337,2338,2339,2334,2335,2336,2337,2338,2339,2334,2335,2336,2337,2338,2339,2334,2335,2336,2337,2338,2339,2334,2335,2336,2337,2338,2339,2334,2335

[layer]
type=BackgroundLayer
data=
0,0,0,0,0,0,0,0,0,0,0,0,0,0,0,0,0,0,0,0,0,0,0,0,0,0,0,0,0,0,0,0,0,0,0,0,0,0,0,0,0,0,0,0,0,0,0,0,0,0,
0,0,0,0,0,0,0,0,0,0,0,0,0,0,0,0,0,0,0,0,0,0,0,0,0,0,0,0,0,0,0,0,0,0,0,0,0,0,0,0,0,0,0,0,0,0,0,0,0,0,
0,0,0,0,0,0,0,0,0,0,0,0,0,0,0,0,0,0,0,0,0,0,0,0,0,0,0,0,0,0,0,0,0,0,0,0,0,0,0,0,0,0,0,0,0,0,0,0,0,0,
0,0,4301,4302,0,0,0,0,0,0,0,0,0,0,0,0,0,0,0,0,0,0,0,0,0,0,0,0,0,0,0,1311,1312,0,0,0,0,0,0,0,0,0,0,0,0,0,0,0,0,0,
0,0,4387,4388,0,0,0,0,0,0,0,0,0,0,0,0,0,0,0,0,0,0,0,0,0,0,0,0,0,0,0,1397,1398,0,0,0,0,0,0,0,0,0,0,0,0,0,0,0,0,0,
0,0,4473,4474,0,2253,0,0,0,703,0,0,0,0,0,0,0,0,0,0,0,0,0,0,0,0,0,0,0,0,0,1483,1484,0,0,0,0,0,0,0,0,702,0,0,1043,0,0,702,0,0,
0,0,0,0,0,0,0,0,0,0,0,0,0,0,0,0,0,0,0,0,0,0,0,0,0,0,0,0,0,0,0,1569,1570,0,0,0,0,0,0,0,0,0,0,0,0,0,0,0,0,0,
0,0,0,0,0,0,0,0,0,0,0,0,0,0,0,0,0,0,0,0,0,0,0,0,0,0,0,0,0,0,0,0,0,0,0,0,0,0,0,0,0,0,0,0,0,0,0,0,0,0,
0,0,0,0,0,0,0,0,0,0,0,0,0,0,0,0,0,0,0,0,0,0,0,0,0,0,0,0,0,0,0,0,0,0,0,0,0,0,0,0,0,0,0,0,0,0,0,0,0,0,
0,0,0,0,0,0,0,0,0,0,0,0,0,0,0,0,0,0,0,0,0,0,0,0,0,0,0,0,0,0,0,0,0,0,0,0,0,0,0,0,0,0,0,0,0,0,0,0,0,0,
0,0,0,0,0,0,0,0,0,0,0,0,0,0,0,0,0,0,0,0,0,0,0,0,0,0,0,0,0,0,0,0,0,0,0,0,0,0,0,0,0,0,0,0,0,0,0,0,0,0,
0,0,0,0,0,0,0,0,0,0,0,0,0,0,0,0,0,0,0,0,0,0,0,0,0,0,0,0,0,0,0,0,0,0,0,0,0,0,0,0,0,0,0,0,0,0,0,0,0,0,
0,0,0,0,0,0,0,0,0,0,0,0,0,0,0,0,0,0,0,0,0,0,0,0,0,0,0,703,0,0,0,0,0,703,0,0,0,0,0,0,0,702,0,0,0,0,0,0,0,0,
0,0,0,0,0,0,0,0,0,0,0,0,0,0,0,0,0,0,0,0,0,0,0,0,0,0,0,0,0,0,0,0,0,0,0,0,0,0,0,0,0,0,0,0,0,0,0,0,0,0,
0,0,0,0,0,0,0,0,0,0,0,0,0,0,0,0,0,0,0,0,0,0,0,0,0,0,0,0,0,0,0,0,0,0,0,0,0,0,0,0,0,0,0,0,0,0,0,0,0,0,
0,0,0,0,0,0,0,0,0,0,0,0,0,0,0,0,0,0,0,0,0,0,0,0,0,0,0,0,0,0,0,0,0,0,0,0,0,0,0,0,0,0,0,0,0,0,0,0,0,0,
0,0,0,0,0,0,0,0,703,0,1043,0,0,0,0,0,0,0,0,0,0,0,0,0,0,0,0,0,0,0,0,0,0,0,0,0,0,0,0,0,0,0,0,0,0,0,0,0,0,0,
0,0,0,0,0,0,0,0,0,0,0,0,0,0,0,0,0,0,0,0,0,0,0,0,0,0,0,0,0,0,0,0,0,0,0,0,0,0,0,0,0,0,0,0,0,0,0,0,0,0,
0,0,0,0,0,0,0,0,0,0,0,0,0,0,0,0,0,0,0,0,0,0,0,0,0,0,0,0,0,0,1305,1306,0,0,0,0,0,0,0,0,0,0,0,0,0,0,0,0,0,0,
0,0,0,0,0,0,0,0,0,0,0,0,0,0,0,0,0,0,0,0,0,0,0,0,0,0,0,0,0,0,1391,1392,0,0,0,0,0,0,0,0,0,0,0,0,0,0,0,0,0,0,
0,0,0,0,0,0,0,0,0,0,0,0,0,0,0,0,0,0,0,0,0,0,0,0,0,703,0,0,0,0,1477,1478,0,0,0,0,0,0,0,0,0,0,0,0,0,0,0,0,0,0,
0,0,0,0,0,0,0,0,0,1920,1921,0,1920,1921,0,1920,1921,0,1920,1921,0,0,0,0,0,0,0,0,0,0,1563,1564,0,0,0,0,0,0,0,0,0,0,4301,4302,0,0,0,0,0,0,
0,0,0,0,0,0,0,0,0,2006,2007,0,2006,2007,0,2006,2007,0,2006,2007,0,0,0,0,0,0,0,0,0,0,0,0,0,0,0,0,0,0,0,0,0,0,4387,4388,0,0,0,0,0,0,
0,0,0,0,0,0,0,0,0,2092,2093,0,2092,2093,0,2092,2093,0,2092,2093,0,0,0,0,0,0,0,0,0,0,0,0,0,0,0,0,0,0,0,0,2252,0,4473,4474,0,2252,0,0,0,0,
0,0,0,0,0,0,0,0,0,0,0,0,0,0,0,0,0,0,0,0,0,0,0,0,0,0,0,0,0,0,0,0,0,0,0,0,0,0,0,0,0,0,0,0,0,0,0,0,0,0

[layer]
type=BackgroundLayer
data=
0,0,0,0,0,0,0,0,0,0,0,0,0,0,0,0,0,0,0,0,0,0,0,0,0,0,0,0,0,0,0,0,0,0,0,0,0,0,0,0,0,0,0,0,0,0,0,0,0,0,
0,0,0,0,0,0,0,0,0,0,0,0,0,0,0,0,0,0,0,0,0,0,0,0,0,0,0,0,0,0,0,0,0,0,0,0,0,0,0,0,0,0,0,0,0,0,0,0,0,0,
0,0,0,0,0,0,0,0,0,0,0,0,0,0,0,0,0,0,0,0,0,0,0,0,0,0,0,0,0,0,0,0,0,0,0,0,0,0,0,0,0,0,0,0,0,0,0,0,0,0,
0,0,0,0,0,0,0,0,0,0,0,0,0,0,0,0,0,0,0,0,0,0,0,0,0,0,0,0,0,0,0,0,0,0,0,0,0,0,0,0,0,0,0,0,0,0,0,0,0,0,
0,0,0,0,0,0,0,0,0,0,0,0,0,0,0,0,0,0,0,0,0,0,0,0,0,0,0,0,0,0,0,0,0,0,0,0,0,0,0,0,0,0,0,0,0,0,0,0,0,0,
0,0,0,0,0,0,0,0,0,0,0,0,0,0,0,0,0,0,0,0,0,0,0,0,0,0,0,0,0,0,0,0,0,0,0,0,0,0,0,0,0,0,0,0,0,0,0,0,0,0,
0,0,0,0,0,0,0,0,0,0,0,0,0,0,0,0,0,0,0,0,0,0,0,0,0,0,0,0,0,0,0,0,0,0,0,0,0,0,0,0,0,0,0,0,0,0,0,0,0,0,
0,0,0,0,0,0,0,0,0,0,0,0,0,0,0,0,0,0,0,0,0,0,0,0,0,0,0,0,0,0,0,0,0,0,0,0,0,0,0,0,0,0,0,0,0,0,0,0,0,0,
0,0,0,0,0,0,0,0,0,0,0,0,0,0,0,0,0,0,0,0,0,0,0,0,0,0,0,0,0,0,0,0,0,0,0,0,0,0,0,0,0,0,0,0,0,0,0,0,0,0,
0,0,0,0,0,0,0,0,0,0,0,0,0,0,0,0,0,0,0,0,0,0,0,0,0,0,0,0,0,0,0,0,0,0,0,0,0,0,0,0,0,0,0,0,0,0,0,0,0,0,
0,0,0,0,0,0,0,0,0,0,0,0,0,0,0,0,0,0,0,0,0,0,0,0,0,0,0,0,0,0,0,0,0,0,0,0,0,0,0,0,0,0,0,0,0,0,0,0,0,0,
0,0,0,0,0,0,0,0,0,0,0,0,0,0,0,0,0,0,0,0,0,0,0,0,0,0,0,0,0,0,0,0,0,0,0,0,0,0,0,0,0,0,0,0,0,0,0,0,0,0,
0,0,0,0,0,0,0,0,0,0,0,0,0,0,0,0,0,0,0,0,0,0,0,0,0,0,0,0,0,0,0,0,0,0,0,0,0,0,0,0,0,0,0,0,0,0,0,0,0,0,
0,0,0,0,0,0,0,0,0,0,0,0,0,0,0,0,0,0,0,0,0,0,0,0,0,0,0,0,0,0,0,0,0,0,0,0,0,0,0,0,0,0,0,0,0,0,0,0,0,0,
0,0,0,0,0,0,0,0,0,0,0,0,0,0,0,0,0,0,0,0,0,0,0,0,0,0,0,0,0,0,0,0,0,0,0,0,0,0,0,0,0,0,0,0,0,0,0,0,0,0,
0,0,0,0,0,0,0,0,0,0,0,0,0,0,0,0,0,0,0,0,0,0,0,0,0,0,0,0,0,0,0,0,0,0,0,0,0,0,0,0,0,0,0,0,0,0,0,0,0,0,
0,0,0,0,0,0,0,0,0,0,0,0,0,0,0,0,0,0,0,0,0,0,0,0,0,0,0,0,0,0,0,0,0,0,0,0,0,0,0,0,0,0,0,0,0,0,0,0,0,0,
0,0,0,0,0,0,0,0,0,0,0,0,0,0,0,0,0,0,0,0,0,0,0,0,0,0,0,0,0,0,0,0,0,0,0,0,0,0,0,0,0,0,0,0,0,0,0,0,0,0,
0,0,0,0,0,0,0,0,0,0,0,0,0,0,0,0,0,0,0,0,0,0,0,0,0,0,0,0,0,0,0,0,0,0,0,0,0,0,0,0,0,0,0,0,0,0,0,0,0,0,
0,0,0,0,0,0,0,0,0,0,0,0,0,0,0,0,0,0,0,0,0,0,0,0,0,0,0,0,0,0,0,0,0,0,0,0,0,0,0,0,0,0,0,0,0,0,0,0,0,0,
0,0,0,0,0,0,0,0,0,0,0,0,0,0,0,0,0,0,0,0,0,0,0,0,0,0,0,0,0,0,0,0,0,0,0,0,0,0,0,0,0,0,0,0,0,0,0,0,0,0,
0,0,0,0,0,0,0,0,0,0,0,0,0,0,0,0,0,0,0,0,0,0,0,0,0,0,0,0,0,0,0,0,0,0,0,0,0,0,0,0,0,0,0,0,0,0,0,0,0,0,
0,0,0,0,0,0,0,0,0,0,0,0,0,0,0,0,0,0,0,0,0,0,0,0,0,0,0,0,0,0,0,0,0,0,0,0,0,0,0,0,0,0,0,0,0,0,0,0,0,0,
0,0,0,0,0,0,0,0,0,0,0,0,0,0,0,0,0,0,0,0,0,0,0,0,0,0,0,0,0,0,0,0,0,0,0,0,0,0,0,0,0,0,0,0,0,0,0,0,0,0,
0,0,0,0,0,0,0,0,0,0,0,0,0,0,0,0,0,0,0,0,0,0,0,0,0,0,0,0,0,0,0,0,0,0,0,0,0,0,0,0,0,0,0,0,0,0,0,0,0,0

[layer]
type=TilesLayer
data=
533,534,534,534,534,534,534,534,534,534,534,534,534,534,534,534,534,534,534,534,534,534,534,534,534,534,534,534,534,534,534,534,534,534,534,534,534,534,534,534,534,534,534,534,534,534,534,534,534,535,
619,0,0,0,0,0,0,0,0,0,0,0,0,0,0,0,0,0,0,0,0,0,0,0,0,533,534,535,0,0,0,0,0,0,0,0,0,0,0,0,0,0,0,0,0,0,0,0,0,621,
619,0,0,0,0,0,0,0,0,0,0,0,0,0,0,0,0,0,0,0,0,0,0,0,0,619,346,621,0,0,0,0,0,0,0,0,0,0,0,0,0,0,0,0,0,0,0,0,0,621,
619,0,0,0,0,0,0,0,0,0,0,0,0,0,0,0,0,0,0,0,0,0,0,0,0,619,620,621,0,0,0,0,0,0,0,0,0,0,0,0,0,0,0,0,0,0,0,0,0,621,
619,0,0,0,0,0,0,0,0,0,0,0,0,0,0,0,0,0,0,0,0,0,0,0,0,619,620,621,0,0,0,0,0,0,0,0,0,0,0,0,0,0,0,0,0,0,0,0,0,621,
619,0,0,0,0,0,0,0,0,0,0,0,0,0,0,0,0,0,0,0,0,0,0,0,0,619,620,621,0,0,0,0,0,0,0,0,0,0,0,0,0,0,0,0,0,0,0,0,0,621,
619,533,534,534,534,534,534,534,534,534,535,0,0,0,0,0,533,534,534,534,534,534,534,534,534,623,346,621,0,0,0,0,0,0,0,533,534,534,534,534,534,534,534,534,534,534,534,534,535,621,
619,619,620,620,620,620,620,620,620,620,621,0,0,0,0,0,619,620,346,346,346,346,346,346,346,346,346,621,0,0,0,0,0,0,0,619,620,620,620,620,620,620,620,620,620,620,620,620,621,621,
619,705,706,706,706,706,706,706,537,620,621,0,0,0,0,0,705,706,706,706,706,706,706,706,706,706,706,707,0,0,0,0,0,0,0,705,706,706,706,706,706,706,706,706,706,706,706,706,707,621,
619,0,0,0,0,0,0,0,619,620,621,0,0,0,0,0,0,0,0,0,0,0,0,0,0,0,0,0,0,0,0,0,0,0,0,0,0,0,0,0,0,0,0,0,0,0,0,0,0,621,
619,0,0,0,0,0,0,0,619,620,621,0,0,0,0,0,0,0,0,0,0,0,0,0,0,0,0,0,0,0,0,0,0,0,0,0,0,0,0,0,0,0,0,0,0,0,0,0,0,621,
619,0,0,0,0,0,0,0,705,706,707,0,0,0,0,0,0,0,0,0,0,0,0,0,0,0,0,0,0,0,0,0,0,0,0,0,0,0,0,0,0,0,0,0,0,0,0,0,0,621,
619,0,0,0,0,0,0,0,0,0,0,0,0,0,0,0,0,0,0,0,0,0,0,0,0,0,0,0,0,0,0,0,0,0,0,0,0,0,0,0,0,0,0,0,0,0,0,0,0,621,
619,0,0,0,0,0,0,0,0,0,0,0,0,0,0,0,0,0,0,0,0,0,0,533,534,534,534,534,534,534,534,534,534,534,534,534,534,534,534,534,534,534,534,534,535,0,0,0,0,621,
619,0,0,0,0,0,0,0,0,0,0,0,0,533,534,535,0,0,0,0,0,0,0,619,620,620,620,620,620,620,620,620,620,620,620,620,620,620,620,620,620,620,620,620,621,0,0,0,0,621,
619,0,0,0,0,0,0,0,0,0,0,0,0,619,620,621,0,0,0,0,0,0,0,705,706,706,706,706,706,706,706,706,706,706,706,537,620,536,706,706,706,706,706,706,707,0,0,0,0,621,
619,0,0,0,0,0,0,0,0,0,0,0,0,619,620,621,0,0,0,0,0,0,0,0,0,0,0,0,0,0,0,0,0,0,0,619,620,621,0,0,0,0,0,0,0,0,0,0,0,621,
619,0,0,0,0,533,534,534,534,534,534,534,534,623,620,622,534,534,534,534,535,0,0,0,0,0,0,0,0,0,0,0,0,0,0,619,620,621,0,0,0,0,0,0,0,0,0,0,0,621,
619,0,0,0,0,619,620,620,620,620,620,620,620,620,620,620,620,620,620,620,621,0,0,0,0,0,0,0,0,0,0,0,0,0,0,619,620,621,0,0,0,0,0,0,0,0,533,534,535,621,
619,0,0,0,0,619,620,536,706,706,706,706,706,706,706,706,706,706,706,706,707,0,0,0,0,0,0,0,0,0,0,0,0,0,0,619,620,621,0,0,0,0,0,0,0,0,619,620,621,621,
619,0,0,0,0,619,620,621,0,0,0,0,0,0,0,0,0,0,0,0,0,0,0,0,0,0,0,0,0,0,0,0,0,0,0,619,620,621,0,0,0,0,0,0,0,0,705,706,707,621,
619,0,0,0,0,619,620,621,0,0,0,0,0,0,0,0,0,0,0,0,0,0,0,0,533,534,535,0,0,0,0,0,0,0,0,619,620,621,0,0,0,0,0,0,0,0,0,0,0,621,
619,0,0,0,0,619,620,621,0,0,0,0,0,0,0,0,0,0,0,0,0,0,0,0,619,620,621,0,0,0,0,0,0,0,0,619,620,621,0,0,0,0,0,0,0,0,0,0,0,621,
619,0,0,0,0,705,706,707,0,0,0,0,0,0,0,0,0,0,0,0,0,0,0,0,705,706,707,0,0,0,0,0,0,0,0,705,706,707,0,0,0,0,0,0,0,0,0,0,0,621,
705,706,706,706,706,706,706,706,706,706,706,706,706,706,706,706,706,706,706,706,706,706,706,706,706,706,706,706,706,706,706,706,706,706,706,706,706,706,706,706,706,706,706,706,706,706,706,706,706,707

[ObjectsLayer]
# Player
type=Player
location=2,4,1,1

[ObjectsLayer]
# Enemy1
type=Enemy
location=21,4,1,1

[ObjectsLayer]
# Enemy1
type=Enemy
location=30,23,1,1

[ObjectsLayer]
# Enemy1
type=Enemy
location=2,22,1,1

[ObjectsLayer]
# Enemy1
type=Enemy
location=35,12,1,1

