[header]
width=50
height=25
tilewidth=16
tileheight=16
orientation=orthogonal
background_color=0,0,0,255

[tilesets]
tileset=../assets/fantasy.png,16,16,0,0

[layer]
type=BackgroundLayer
data=
2609,2609,2609,2609,2609,2609,2609,2609,2609,2609,2609,2609,2609,2609,2609,2609,2609,2609,2609,2609,2609,2609,2609,2609,2609,2609,2609,2609,2609,2609,2609,2609,2609,2609,2609,2609,2609,2609,2609,2609,2609,2609,2609,2609,2609,2609,2609,2609,2609,2609,
2695,2695,2695,2695,2695,2695,2695,2695,2695,2695,2695,2695,2695,2695,2695,2695,2695,2695,2695,2695,2695,2695,2695,2695,2695,2695,2695,2695,2695,2695,2695,2695,2695,2695,2695,2695,2695,2695,2695,2695,2695,2695,2695,2695,2695,2695,2695,2695,2695,2695,
2781,2781,2781,2781,2781,2781,2781,2781,2781,2781,2781,2781,2781,2781,2781,2781,2781,2781,2781,2781,2781,2781,2781,2781,2781,2781,2781,2781,2781,2781,2781,2781,2781,2781,2781,2781,2781,2781,2781,2781,2781,2781,2781,2781,2781,2781,2781,2781,2781,2781,
2609,2609,2609,2609,2609,2609,2609,2609,2609,2609,2609,2609,2609,2609,2609,2609,2609,2609,2609,2609,2609,2609,2609,2609,2609,2609,2609,2609,2609,2609,2609,2609,2609,2609,2609,2609,2609,2609,2609,2609,2609,2609,2609,2609,2609,2609,2609,2609,2609,2609,
2695,2695,2695,2695,2695,2695,2695,2695,2695,2695,2695,2695,2695,2695,2695,2695,2695,2695,2695,2695,2695,2695,2695,2695,2695,2695,2695,2695,2695,2695,2695,2695,2695,2695,2695,2695,2695,2695,2695,2695,2695,2695,2695,2695,2695,2695,2695,2695,2695,2695,
2781,2781,2781,2781,2781,2781,2781,2781,2781,2781,2781,2781,2781,2781,2781,2781,2781,2781,2781,2781,2781,2781,2781,2781,2781,2781,2781,2781,2781,2781,2781,2781,2781,2781,2781,2781,2781,2781,2781,2781,2781,2781,2781,2781,2781,2781,2781,2781,2781,2781,
2609,2609,2609,2609,2609,2609,2609,2609,2609,2609,2609,2609,2609,2609,2609,2609,2609,2609,2609,2609,2609,2609,2609,2609,2609,2609,2609,2609,2609,2609,2609,2609,2609,2609,2609,2609,2609,2609,2609,2609,2609,2609,2609,2609,2609,2609,2609,2609,2609,2609,
2695,2695,2695,2695,2695,2695,2695,2695,2695,2695,2695,2695,2695,2695,2695,2695,2695,2695,2695,2695,2695,2695,2695,2695,2695,2695,2695,2695,2695,2695,2695,2695,2695,2695,2695,2695,2695,2695,2695,2695,2695,2695,2695,2695,2695,2695,2695,2695,2695,2695,
2781,2781,2781,2781,2781,2781,2781,2781,2781,2781,2781,2781,2781,2781,2781,2781,2781,2781,2781,2781,2781,2781,2781,2781,2781,2781,2781,2781,2781,2781,2781,2781,2781,2781,2781,2781,2781,2781,2781,2781,2781,2781,2781,2781,2781,2781,2781,2781,2781,2781,
2609,2609,2609,2609,2609,2609,2609,2609,2609,2609,2609,2609,2609,2609,2609,2609,2609,2609,2609,2609,2609,2609,2609,2609,2609,2609,2609,2609,2609,2609,2609,2609,2609,2609,2609,2609,2609,2609,2609,2609,2609,2609,2609,2609,2609,2609,2609,2609,2609,2609,
2695,2695,2695,2695,2695,2695,2695,2695,2695,2695,2695,2695,2695,2695,2695,2695,2695,2695,2695,2695,2695,2695,2695,2695,2695,2695,2695,2695,2695,2695,2695,2695,2695,2695,2695,2695,2695,2695,2695,2695,2695,2695,2695,2695,2695,2695,2695,2695,2695,2695,
2781,2781,2781,2781,2781,2781,2781,2781,2781,2781,2781,2781,2781,2781,2781,2781,2781,2781,2781,2781,2781,2781,2781,2781,2781,2781,2781,2781,2781,2781,2781,2781,2781,2781,2781,2781,2781,2781,2781,2781,2781,2781,2781,2781,2781,2781,2781,2781,2781,2781,
2609,2609,2609,2609,2609,2609,2609,2609,2609,2609,2609,2609,2609,2609,2609,2609,2609,2609,2609,2609,2609,2609,2609,2609,2609,2609,2609,2609,2609,2609,2609,2609,2609,2609,2609,2609,2609,2609,2609,2609,2609,2609,2609,2609,2609,2609,2609,2609,2609,2609,
2695,2695,2695,2695,2695,2695,2695,2695,2695,2695,2695,2695,2695,2695,2695,2695,2695,2695,2695,2695,2695,2695,2695,2695,2695,2695,2695,2695,2695,2695,2695,2695,2695,2695,2695,2695,2695,2695,2695,2695,2695,2695,2695,2695,2695,2695,2695,2695,2695,2695,
2781,2781,2781,2781,2781,2781,2781,2781,2781,2781,2781,2781,2781,2781,2781,2781,2781,2781,2781,2781,2781,2781,2781,2781,2781,2781,2781,2781,2781,2781,2781,2781,2781,2781,2781,2781,2781,2781,2781,2781,2781,2781,2781,2781,2781,2781,2781,2781,2781,2781,
2609,2609,2609,2609,2609,2609,2609,2609,2609,2609,2609,2609,2609,2609,2609,2609,2609,2609,2609,2609,2609,2609,2609,2609,2609,2609,2609,2609,2609,2609,2609,2609,2609,2609,2609,2609,2609,2609,2609,2609,2609,2609,2609,2609,2609,2609,2609,2609,2609,2609,
2695,2695,2695,2695,2695,2695,2695,2695,2695,2695,2695,2695,2695,2695,2695,2695,2695,2695,2695,2695,2695,2695,2695,2695,2695,2695,2695,2695,2695,2695,2695,2695,2695,2695,2695,2695,2695,2695,2695,2695,2695,2695,2695,2695,2695,2695,2695,2695,2695,2695,
2781,2781,2781,2781,2781,2781,2781,2781,2781,2781,2781,2781,2781,2781,2781,2781,2781,2781,2781,2781,2781,2781,2781,2781,2781,2781,2781,2781,2781,2781,2781,2781,2781,2781,2781,2781,2781,2781,2781,2781,2781,2781,2781,2781,2781,2781,2781,2781,2781,2781,
2609,2609,2609,2609,2609,2609,2609,2609,2609,2609,2609,2609,2609,2609,2609,2609,2609,2609,2609,2609,2609,2609,2609,2609,2609,2609,2609,2609,2609,2609,2609,2609,2609,2609,2609,2609,2609,2609,2609,2609,2609,2609,2609,2609,2609,2609,2609,2609,2609,2609,
2695,2695,2695,2695,2695,2695,2695,2695,2695,2695,2695,2695,2695,2695,2695,2695,2695,2695,2695,2695,2695,2695,2695,2695,2695,2695,2695,2695,2695,2695,2695,2695,2695,2695,2695,2695,2695,2695,2695,2695,2695,2695,2695,2695,2695,2695,2695,2695,2695,2695,
2781,2781,2781,2781,2781,2781,2781,2781,2781,2781,2781,2781,2781,2781,2781,2781,2781,2781,2781,2781,2781,2781,2781,2781,2781,2781,2781,2781,2781,2781,2781,2781,2781,2781,2781,2781,2781,2781,2781,2781,2781,2781,2781,2781,2781,2781,2781,2781,2781,2781,
2609,2609,2609,2609,2609,2609,2609,2609,2609,2609,2609,2609,2609,2609,2609,2609,2609,2609,2609,2609,2609,2609,2609,2609,2609,2609,2609,2609,2609,2609,2609,2609,2609,2609,2609,2609,2609,2609,2609,2609,2609,2609,2609,2609,2609,2609,2609,2609,2609,2609,
2695,2695,2695,2695,2695,2695,2695,2695,2695,2695,2695,2695,2695,2695,2695,2695,2695,2695,2695,2695,2695,2695,2695,2695,2695,2695,2695,2695,2695,2695,2695,2695,2695,2695,2695,2695,2695,2695,2695,2695,2695,2695,2695,2695,2695,2695,2695,2695,2695,2695,
2781,2781,2781,2781,2781,2781,2781,2781,2781,2781,2781,2781,2781,2781,2781,2781,2781,2781,2781,2781,2781,2781,2781,2781,2781,2781,2781,2781,2781,2781,2781,2781,2781,2781,2781,2781,2781,2781,2781,2781,2781,2781,2781,2781,2781,2781,2781,2781,2781,2781,
2609,2609,2609,2609,2609,2609,2609,2609,2609,2609,2609,2609,2609,2609,2609,2609,2609,2609,2609,2609,2609,2609,2609,2609,2609,2609,2609,2609,2609,2609,2609,2609,2609,2609,2609,2609,2609,2609,2609,2609,2609,2609,2609,2609,2609,2609,2609,2609,2609,2609

[layer]
type=BackgroundLayer
data=
0,0,0,0,0,0,0,0,0,0,0,0,0,0,0,0,0,0,0,0,0,0,0,0,0,0,0,0,0,0,0,0,0,0,0,0,0,0,0,0,0,0,0,0,0,0,0,0,0,0,
0,0,0,0,0,0,0,0,0,0,0,0,0,0,0,0,0,0,0,0,0,0,0,0,0,0,0,0,0,0,0,0,0,0,0,0,0,0,0,0,0,0,0,0,0,0,0,0,0,0,
0,0,0,0,0,0,0,0,0,0,0,0,0,0,0,0,0,0,0,0,0,0,0,0,0,0,0,0,0,0,0,0,0,0,0,0,0,0,0,0,0,0,0,0,0,0,0,0,0,0,
0,0,1924,1925,0,0,0,0,1924,1925,0,0,0,0,0,0,0,0,0,0,0,0,0,0,0,0,0,0,0,0,0,0,0,0,0,0,0,0,0,0,0,0,0,0,1140,0,0,0,0,0,
0,0,2010,2011,0,0,0,0,2010,2011,0,0,0,0,0,0,0,0,0,0,0,0,0,0,0,0,0,0,0,0,0,0,0,0,0,0,0,0,0,0,0,1904,0,2344,2345,2346,1906,0,0,0,
0,0,2096,2097,0,1647,1648,0,2096,2097,0,0,0,0,0,0,0,0,0,0,0,0,0,0,0,0,0,0,0,0,0,0,0,0,0,0,0,0,0,0,0,0,0,0,0,0,0,0,0,0,
0,0,0,0,0,0,0,0,0,0,0,0,0,0,0,0,0,0,0,0,0,0,0,0,0,0,0,0,0,0,0,0,0,0,0,0,0,0,0,0,0,0,0,0,0,0,0,0,0,0,
0,0,0,0,0,0,0,0,0,0,0,0,0,0,0,2253,0,0,0,0,1647,1648,0,0,0,0,0,0,0,0,0,0,0,0,0,0,0,0,0,0,0,0,0,0,0,0,0,0,0,0,
0,0,0,0,0,0,0,0,0,0,0,0,0,0,0,0,0,0,0,0,0,0,0,0,0,0,0,0,0,1924,1925,0,0,0,0,0,0,0,0,0,0,0,0,0,0,0,0,0,0,0,
0,0,0,0,0,0,0,0,0,0,0,0,0,0,0,0,0,0,0,0,0,0,0,0,0,0,0,0,0,2010,2011,0,0,0,0,0,0,0,0,0,0,0,0,0,0,0,0,0,0,0,
0,0,0,0,0,0,0,0,0,0,0,0,0,0,0,0,0,0,0,0,0,0,0,0,0,0,0,0,0,2096,2097,0,0,0,0,0,0,1649,0,0,0,0,0,0,0,0,0,0,0,0,
0,0,0,0,0,0,0,0,0,0,0,0,0,0,0,0,0,0,0,0,0,0,0,0,0,0,0,0,0,0,0,0,0,0,0,0,0,0,0,0,0,0,0,0,0,1135,1136,0,0,0,
0,0,0,0,0,0,0,0,0,0,0,0,0,0,0,0,0,0,0,0,0,0,0,0,0,0,0,0,0,0,0,0,0,0,0,0,0,0,0,0,0,0,0,0,0,1221,1222,0,0,0,
0,0,0,0,0,0,0,0,0,1135,1136,0,0,0,0,0,0,0,0,0,0,0,0,0,0,0,0,0,0,0,0,0,0,0,0,0,0,0,0,0,0,0,0,0,0,0,0,0,0,0,
0,0,0,0,0,0,0,0,0,1221,1222,0,0,0,0,0,0,0,0,0,0,0,0,0,0,0,0,0,0,0,0,0,0,0,0,0,0,0,0,0,0,0,0,0,0,0,0,0,0,0,
0,0,0,0,0,0,0,0,0,0,0,0,0,0,0,0,0,0,0,0,0,0,0,0,0,0,0,0,0,0,0,0,0,0,0,0,0,0,0,0,0,0,0,0,0,0,0,0,0,0,
0,0,0,0,0,0,0,0,0,0,0,0,0,0,0,0,0,0,0,0,0,0,0,0,0,0,0,0,1906,0,0,0,0,0,0,1649,0,1906,0,0,0,0,0,0,0,0,0,0,0,0,
0,0,0,0,1647,1648,0,0,0,0,0,0,0,1649,0,0,0,0,0,0,0,0,0,0,0,0,0,0,0,0,0,0,0,0,0,0,0,0,0,0,0,0,0,0,0,0,0,0,0,0,
0,0,0,0,0,0,0,0,0,0,0,0,0,0,0,0,0,0,0,0,0,0,0,0,0,0,0,0,0,0,0,0,0,0,0,0,0,0,0,0,0,0,0,0,0,0,0,0,0,0,
0,0,0,0,0,0,0,0,0,0,0,0,0,0,0,0,0,0,0,0,0,0,0,0,0,0,0,0,0,0,0,0,0,0,0,0,0,0,0,0,0,0,0,0,0,0,0,0,0,0,
0,0,0,0,0,0,0,0,0,0,0,0,0,0,0,0,0,0,0,0,0,0,0,0,0,0,0,0,0,0,0,0,0,0,0,0,0,0,0,0,0,0,0,0,0,0,0,0,0,0,
0,0,0,0,0,0,0,0,0,0,0,0,0,0,0,0,1924,1925,0,1924,1925,0,1924,1925,0,0,0,0,0,0,0,0,0,0,0,0,0,0,0,0,0,0,0,0,0,4559,4560,0,0,0,
0,0,0,0,0,0,0,0,0,0,0,0,0,0,0,0,2010,2011,0,2010,2011,0,2010,2011,0,0,0,0,0,0,0,0,0,1139,1140,0,0,0,0,0,0,0,0,0,0,4645,4646,0,0,0,
0,0,1647,1648,0,0,0,0,0,0,0,0,0,0,0,0,2096,2097,0,2096,2097,0,2096,2097,1906,0,0,0,2253,0,0,0,0,1225,1226,0,0,0,0,0,0,0,0,1904,0,4731,4732,0,0,0,
0,0,0,0,0,0,0,0,0,0,0,0,0,0,0,0,0,0,0,0,0,0,0,0,0,0,0,0,0,0,0,0,0,0,0,0,0,0,0,0,0,0,0,0,0,0,0,0,0,0

[layer]
type=BackgroundLayer
data=
0,0,0,0,0,0,0,0,0,0,0,0,0,0,0,0,0,0,0,0,0,0,0,0,0,0,0,0,0,0,0,0,0,0,0,0,0,0,0,0,0,0,0,0,0,0,0,0,0,0,
0,0,0,0,0,0,0,0,0,0,0,0,0,0,0,0,0,0,0,0,0,0,0,0,0,0,0,0,0,0,0,0,0,0,0,0,0,0,0,0,0,0,0,0,0,0,0,0,0,0,
0,0,0,0,0,0,0,0,0,0,0,0,0,0,0,0,0,0,0,0,0,0,0,0,0,0,0,0,0,0,0,0,0,0,0,0,0,0,0,0,0,0,0,0,0,0,0,0,0,0,
0,0,0,0,0,0,0,0,0,0,0,0,0,0,0,0,0,0,0,0,0,0,0,0,0,0,0,0,0,0,0,0,0,0,0,0,0,0,0,0,0,0,0,0,0,0,0,0,0,0,
0,0,0,0,0,0,0,0,0,0,0,0,0,0,0,0,0,0,0,0,0,0,0,0,0,0,0,0,0,0,0,0,0,0,0,0,0,0,0,0,0,0,0,0,0,0,0,0,0,0,
0,0,0,0,0,0,0,0,0,0,0,0,0,0,0,0,0,0,0,0,0,0,0,0,0,0,0,0,0,0,0,0,0,0,0,0,0,0,0,0,0,0,0,0,0,0,0,0,0,0,
0,0,0,0,0,0,0,0,0,0,0,0,0,0,0,0,0,0,0,0,0,0,0,0,0,0,0,0,0,0,0,0,0,0,0,0,0,0,0,0,0,0,0,0,0,0,0,0,0,0,
0,0,0,0,0,0,0,0,0,0,0,0,0,0,0,0,0,0,0,0,0,0,0,0,0,0,0,0,0,0,0,0,0,0,0,0,0,0,0,0,0,0,0,0,0,0,0,0,0,0,
0,0,0,0,0,0,0,0,0,0,0,0,0,0,0,0,0,0,0,0,0,0,0,0,0,0,0,0,0,0,0,0,0,0,0,0,0,0,0,0,0,0,0,0,0,0,0,0,0,0,
0,0,0,0,0,0,0,0,0,0,0,0,0,0,0,0,0,0,0,0,0,0,0,0,0,0,0,0,0,0,0,0,0,0,0,0,0,0,0,0,0,0,0,0,0,0,0,0,0,0,
0,0,0,0,0,0,0,0,0,0,0,0,0,0,0,0,0,0,0,0,0,0,0,0,0,0,0,0,0,0,0,0,0,0,0,0,0,0,0,0,0,0,0,0,0,0,0,0,0,0,
0,0,0,0,0,0,0,0,0,0,0,0,0,0,0,0,0,0,0,0,0,0,0,0,0,0,0,0,0,0,0,0,0,0,0,0,0,0,0,0,0,0,0,0,0,0,0,0,0,0,
0,0,0,0,0,0,0,0,0,0,0,0,0,0,0,0,0,0,0,0,0,0,0,0,0,0,0,0,0,0,0,0,0,0,0,0,0,0,0,0,0,0,0,0,0,0,0,0,0,0,
0,0,0,0,0,0,0,0,0,0,0,0,0,0,0,0,0,0,0,0,0,0,0,0,0,0,0,0,0,0,0,0,0,0,0,0,0,0,0,0,0,0,0,0,0,0,0,0,0,0,
0,0,0,0,0,0,0,0,0,0,0,0,0,0,0,0,0,0,0,0,0,0,0,0,0,0,0,0,0,0,0,0,0,0,0,0,0,0,0,0,0,0,0,0,0,0,0,0,0,0,
0,0,0,0,0,0,0,0,0,0,0,0,0,0,0,0,0,0,0,0,0,0,0,0,0,0,0,0,0,0,0,0,0,0,0,0,0,0,0,0,0,0,0,0,0,0,0,0,0,0,
0,0,0,0,0,0,0,0,0,0,0,0,0,0,0,0,0,0,0,0,0,0,0,0,0,0,0,0,0,0,0,0,0,0,0,0,0,0,0,0,0,0,0,0,0,0,0,0,0,0,
0,0,0,0,0,0,0,0,0,0,0,0,0,0,0,0,0,0,0,0,0,0,0,0,0,0,0,0,0,0,0,0,0,0,0,0,0,0,0,0,0,0,0,0,0,0,0,0,0,0,
0,0,0,0,0,0,0,0,0,0,0,0,0,0,0,0,0,0,0,0,0,0,0,0,0,0,0,0,0,0,0,0,0,0,0,0,0,0,0,0,0,0,0,0,0,0,0,0,0,0,
0,0,0,0,0,0,0,0,0,0,0,0,0,0,0,0,0,0,0,0,0,0,0,0,0,0,0,0,0,0,0,0,0,0,0,0,0,0,0,0,0,0,0,0,0,0,0,0,0,0,
0,0,0,0,0,0,0,0,0,0,0,0,0,0,0,0,0,0,0,0,0,0,0,0,0,0,0,0,0,0,0,0,0,0,0,0,0,0,0,0,0,0,0,0,0,0,0,0,0,0,
0,0,0,0,0,0,0,0,0,0,0,0,0,0,0,0,0,0,0,0,0,0,0,0,0,0,0,0,0,0,0,0,0,0,0,0,0,0,0,0,0,0,0,0,0,0,0,0,0,0,
0,0,0,0,0,0,0,0,0,0,0,0,0,0,0,0,0,0,0,0,0,0,0,0,0,0,0,0,0,0,0,0,0,0,0,0,0,0,0,0,0,0,0,0,0,0,0,0,0,0,
0,0,0,0,0,0,0,0,0,0,0,0,0,0,0,0,0,0,0,0,0,0,0,0,0,0,0,0,0,0,0,0,0,0,0,0,0,0,0,0,0,0,0,0,0,0,0,0,0,0,
0,0,0,0,0,0,0,0,0,0,0,0,0,0,0,0,0,0,0,0,0,0,0,0,0,0,0,0,0,0,0,0,0,0,0,0,0,0,0,0,0,0,0,0,0,0,0,0,0,0

[layer]
type=TilesLayer
data=
1291,1301,1301,1301,1301,1301,1301,1301,1301,1301,1301,1301,1301,1301,1301,1301,1301,1301,1301,1301,1301,1301,1301,1301,1301,1301,1301,1301,1301,1301,1301,1301,1301,1301,1301,1301,1301,1301,1301,1301,1301,1301,1301,1301,1301,1301,1301,1301,1301,1293,
1379,0,0,0,0,0,0,0,0,0,0,0,0,0,0,0,0,0,0,0,0,0,0,0,0,0,0,0,0,0,0,0,3355,3356,3357,0,0,0,0,0,0,0,0,0,0,0,0,0,0,1377,
1379,0,0,0,0,0,0,0,0,0,0,0,0,0,0,0,0,0,0,0,0,0,0,0,0,0,0,0,0,0,0,0,3441,3442,3443,0,0,0,0,0,0,0,0,0,0,0,0,0,0,1377,
1379,0,0,0,0,0,0,0,0,0,0,0,0,0,0,0,0,0,0,0,0,0,0,0,0,0,0,0,0,0,0,0,3441,3442,3443,0,0,0,0,0,0,0,0,0,0,0,0,0,0,1377,
1379,0,0,0,0,0,0,0,0,0,0,0,0,0,0,0,0,0,0,0,0,0,0,0,0,0,0,0,0,0,0,0,3441,3442,3443,0,0,0,0,0,0,0,0,0,0,0,0,0,0,1377,
1379,0,0,0,0,0,0,0,0,0,0,3355,3356,3357,0,0,0,0,0,0,0,0,0,0,0,0,0,0,0,0,0,0,3441,3442,3443,0,0,0,0,3355,3356,3356,3356,3356,3356,3356,3356,3356,3357,1377,
1379,3355,3356,3356,3356,3356,3356,3356,3356,3356,3356,3446,3442,3443,0,0,0,0,0,0,0,0,0,0,0,0,0,0,0,0,0,0,3441,3442,3443,0,0,0,0,3441,3442,3442,3442,3442,3442,3442,3442,3442,3443,1377,
1379,3441,3442,3442,3442,3442,3442,3442,3442,3442,3442,3442,3442,3443,0,0,0,0,0,0,0,0,0,0,0,0,0,0,0,0,0,0,3441,3442,3443,0,0,0,0,3527,3528,3528,3528,3528,3528,3528,3528,3528,3529,1377,
1379,3527,3528,3528,3360,3442,3359,3528,3360,3442,3442,3442,3442,3445,3356,3356,3357,0,0,3355,3356,3357,0,0,0,0,0,0,0,0,0,0,3441,3442,3443,0,0,0,0,0,0,0,0,0,0,0,0,0,0,1377,
1379,0,0,0,3527,3528,3529,0,3441,3442,3442,3442,3442,3442,3442,3442,3443,0,0,3441,3442,3443,0,0,0,0,0,0,0,0,0,0,3441,3442,3443,0,0,0,0,0,0,0,0,0,0,0,0,0,0,1377,
1379,0,0,0,0,0,0,0,3527,3528,3528,3528,3528,3528,3528,3528,3529,0,0,3441,3442,3443,0,0,0,0,0,0,0,0,0,0,3441,3442,3443,0,0,0,0,0,0,0,0,0,0,0,0,0,0,1377,
1379,0,0,0,0,0,0,0,0,0,0,0,0,0,0,0,0,0,0,3441,3442,3445,3357,0,0,0,0,0,3355,3356,3356,3356,3446,3442,3445,3356,3356,3356,3356,3357,0,0,0,0,0,0,0,0,0,1377,
1379,0,0,0,0,0,0,0,0,0,0,0,0,0,0,0,0,0,0,3441,3442,3442,3443,0,0,0,0,0,3441,3442,3442,3442,3442,3442,3442,3442,3442,3442,3442,3443,0,0,0,0,0,0,0,0,0,1377,
1379,0,0,0,0,0,0,0,0,0,0,0,0,0,0,0,0,0,0,3441,3442,3442,3443,0,0,0,0,0,3527,3528,3528,3528,3528,3528,3528,3528,3528,3528,3528,3529,0,0,0,3355,3356,3356,3356,3356,3357,1377,
1379,0,0,0,0,0,0,0,0,0,0,0,0,0,0,0,0,0,0,3441,3442,3442,3445,3357,0,0,0,0,0,0,0,0,0,0,0,0,0,0,0,0,0,0,0,3441,3442,3442,3442,3442,3443,1377,
1379,0,0,0,0,0,0,0,3355,3356,3356,3357,0,0,0,0,0,0,0,3441,3442,3442,3442,3445,3357,0,0,0,0,0,0,0,0,0,0,0,0,0,0,0,0,0,0,3527,3528,3528,3528,3528,3529,1377,
1379,0,0,0,0,0,0,0,3441,3442,3442,3443,0,0,0,0,0,0,0,3441,3442,3442,3442,3442,3443,0,0,0,0,0,0,0,0,0,0,0,0,0,0,0,0,0,0,0,0,0,0,0,0,1377,
1379,0,0,0,0,0,0,3355,3442,3442,3442,3443,0,0,0,0,0,0,0,3441,3442,3442,3442,3442,3445,3356,3356,3356,3356,3356,3356,3356,3356,3356,3356,3356,3356,3356,3356,3356,3357,0,0,0,0,0,0,0,0,1377,
1379,0,0,0,3355,3356,3356,3446,3442,3442,3442,3442,3356,3356,3357,0,0,0,0,3441,3442,3442,3442,3442,3442,3442,3442,3442,3442,3442,3442,3442,3442,3442,3442,3442,3442,3442,3442,3442,3445,3357,0,0,0,0,0,0,0,1377,
1379,0,0,0,3441,3442,3442,3442,3442,3442,3442,3442,3442,3442,3443,0,0,0,0,3527,3528,3528,3528,3528,3528,3528,3528,3528,3528,3528,3528,3528,3360,3442,3442,3359,3528,3528,3360,3442,3442,3443,0,0,0,0,0,0,0,1377,
1379,0,0,0,3527,3528,3528,3528,3528,3528,3528,3528,3528,3528,3529,0,0,0,0,0,0,0,0,0,0,0,0,0,0,0,0,0,3527,3528,3528,3529,0,0,3441,3442,3442,3443,0,0,0,0,0,0,0,1377,
1379,0,0,0,0,0,0,0,0,0,0,0,0,0,0,0,0,0,0,0,0,0,0,0,0,0,0,0,0,0,0,0,0,0,0,0,0,0,3441,3442,3442,3445,3357,0,0,0,0,0,0,1377,
1379,0,0,0,0,0,0,0,0,0,0,0,0,0,0,0,0,0,0,0,0,0,0,0,0,0,0,0,0,0,0,0,0,0,0,0,0,0,3441,3442,3442,3442,3443,0,0,0,0,0,0,1377,
1379,0,0,0,0,0,0,0,0,0,0,0,0,0,0,0,0,0,0,0,0,0,0,0,0,0,0,0,0,0,0,0,0,0,0,0,0,0,3527,3528,3528,3528,3529,0,0,0,0,0,0,1377,
1381,1301,1301,1301,1301,1301,1301,1301,1301,1301,1301,1301,1301,1301,1301,1301,1301,1301,1301,1301,1301,1301,1301,1301,1301,1301,1301,1301,1301,1301,1301,1301,1301,1301,1301,1301,1301,1301,1301,1301,1301,1301,1301,1301,1301,1301,1301,1301,1301,1382

[ObjectsLayer]
# Player
type=Player
location=45,22,1,1

[ObjectsLayer]
# Enemy5
type=Enemy
location=9,22,1,1

[ObjectsLayer]
# Enemy4
type=Enemy
location=19,22,1,1

[ObjectsLayer]
# Enemy3
type=Enemy
location=28,22,1,1

[ObjectsLayer]
# Enemy2
type=Enemy
location=6,4,1,1

[ObjectsLayer]
# Enemy1
type=Enemy
location=32,16,1,1

