[header]
width=50
height=25
tilewidth=16
tileheight=16
orientation=orthogonal
background_color=0,0,0,255

[tilesets]
tileset=../assets/fantasy.png,16,16,0,0

[layer]
type=BackgroundLayer
data=
3022,3023,3024,3025,3026,3027,3022,3023,3024,3025,3026,3027,3022,3023,3024,3025,3026,3027,3022,3023,3024,3025,3026,3027,3022,3023,3024,3025,3026,3027,3022,3023,3024,3025,3026,3027,3022,3023,3024,3025,3026,3027,3022,3023,3024,3025,3026,3027,3022,3023,
3108,3109,3110,3111,3112,3113,3108,3109,3110,3111,3112,3113,3108,3109,3110,3111,3112,3113,3108,3109,3110,3111,3112,3113,3108,3109,3110,3111,3112,3113,3108,3109,3110,3111,3112,3113,3108,3109,3110,3111,3112,3113,3108,3109,3110,3111,3112,3113,3108,3109,
3194,3195,3196,3197,3198,3199,3194,3195,3196,3197,3198,3199,3194,3195,3196,3197,3198,3199,3194,3195,3196,3197,3198,3199,3194,3195,3196,3197,3198,3199,3194,3195,3196,3197,3198,3199,3194,3195,3196,3197,3198,3199,3194,3195,3196,3197,3198,3199,3194,3195,
3280,3281,3282,3283,3284,3285,3280,3281,3282,3283,3284,3285,3280,3281,3282,3283,3284,3285,3280,3281,3282,3283,3284,3285,3280,3281,3282,3283,3284,3285,3280,3281,3282,3283,3284,3285,3280,3281,3282,3283,3284,3285,3280,3281,3282,3283,3284,3285,3280,3281,
3022,3023,3024,3025,3026,3027,3022,3023,3024,3025,3026,3027,3022,3023,3024,3025,3026,3027,3022,3023,3024,3025,3026,3027,3022,3023,3024,3025,3026,3027,3022,3023,3024,3025,3026,3027,3022,3023,3024,3025,3026,3027,3022,3023,3024,3025,3026,3027,3022,3023,
3108,3109,3110,3111,3112,3113,3108,3109,3110,3111,3112,3113,3108,3109,3110,3111,3112,3113,3108,3109,3110,3111,3112,3113,3108,3109,3110,3111,3112,3113,3108,3109,3110,3111,3112,3113,3108,3109,3110,3111,3112,3113,3108,3109,3110,3111,3112,3113,3108,3109,
3194,3195,3196,3197,3198,3199,3194,3195,3196,3197,3198,3199,3194,3195,3196,3197,3198,3199,3194,3195,3196,3197,3198,3199,3194,3195,3196,3197,3198,3199,3194,3195,3196,3197,3198,3199,3194,3195,3196,3197,3198,3199,3194,3195,3196,3197,3198,3199,3194,3195,
3280,3281,3282,3283,3284,3285,3280,3281,3282,3283,3284,3285,3280,3281,3282,3283,3284,3285,3280,3281,3282,3283,3284,3285,3280,3281,3282,3283,3284,3285,3280,3281,3282,3283,3284,3285,3280,3281,3282,3283,3284,3285,3280,3281,3282,3283,3284,3285,3280,3281,
3022,3023,3024,3025,3026,3027,3022,3023,3024,3025,3026,3027,3022,3023,3024,3025,3026,3027,3022,3023,3024,3025,3026,3027,3022,3023,3024,3025,3026,3027,3022,3023,3024,3025,3026,3027,3022,3023,3024,3025,3026,3027,3022,3023,3024,3025,3026,3027,3022,3023,
3108,3109,3110,3111,3112,3113,3108,3109,3110,3111,3112,3113,3108,3109,3110,3111,3112,3113,3108,3109,3110,3111,3112,3113,3108,3109,3110,3111,3112,3113,3108,3109,3110,3111,3112,3113,3108,3109,3110,3111,3112,3113,3108,3109,3110,3111,3112,3113,3108,3109,
3194,3195,3196,3197,3198,3199,3194,3195,3196,3197,3198,3199,3194,3195,3196,3197,3198,3199,3194,3195,3196,3197,3198,3199,3194,3195,3196,3197,3198,3199,3194,3195,3196,3197,3198,3199,3194,3195,3196,3197,3198,3199,3194,3195,3196,3197,3198,3199,3194,3195,
3280,3281,3282,3283,3284,3285,3280,3281,3282,3283,3284,3285,3280,3281,3282,3283,3284,3285,3280,3281,3282,3283,3284,3285,3280,3281,3282,3283,3284,3285,3280,3281,3282,3283,3284,3285,3280,3281,3282,3283,3284,3285,3280,3281,3282,3283,3284,3285,3280,3281,
3022,3023,3024,3025,3026,3027,3022,3023,3024,3025,3026,3027,3022,3023,3024,3025,3026,3027,3022,3023,3024,3025,3026,3027,3022,3023,3024,3025,3026,3027,3022,3023,3024,3025,3026,3027,3022,3023,3024,3025,3026,3027,3022,3023,3024,3025,3026,3027,3022,3023,
3108,3109,3110,3111,3112,3113,3108,3109,3110,3111,3112,3113,3108,3109,3110,3111,3112,3113,3108,3109,3110,3111,3112,3113,3108,3109,3110,3111,3112,3113,3108,3109,3110,3111,3112,3113,3108,3109,3110,3111,3112,3113,3108,3109,3110,3111,3112,3113,3108,3109,
3194,3195,3196,3197,3198,3199,3194,3195,3196,3197,3198,3199,3194,3195,3196,3197,3198,3199,3194,3195,3196,3197,3198,3199,3194,3195,3196,3197,3198,3199,3194,3195,3196,3197,3198,3199,3194,3195,3196,3197,3198,3199,3194,3195,3196,3197,3198,3199,3194,3195,
3280,3281,3282,3283,3284,3285,3280,3281,3282,3283,3284,3285,3280,3281,3282,3283,3284,3285,3280,3281,3282,3283,3284,3285,3280,3281,3282,3283,3284,3285,3280,3281,3282,3283,3284,3285,3280,3281,3282,3283,3284,3285,3280,3281,3282,3283,3284,3285,3280,3281,
3022,3023,3024,3025,3026,3027,3022,3023,3024,3025,3026,3027,3022,3023,3024,3025,3026,3027,3022,3023,3024,3025,3026,3027,3022,3023,3024,3025,3026,3027,3022,3023,3024,3025,3026,3027,3022,3023,3024,3025,3026,3027,3022,3023,3024,3025,3026,3027,3022,3023,
3108,3109,3110,3111,3112,3113,3108,3109,3110,3111,3112,3113,3108,3109,3110,3111,3112,3113,3108,3109,3110,3111,3112,3113,3108,3109,3110,3111,3112,3113,3108,3109,3110,3111,3112,3113,3108,3109,3110,3111,3112,3113,3108,3109,3110,3111,3112,3113,3108,3109,
3194,3195,3196,3197,3198,3199,3194,3195,3196,3197,3198,3199,3194,3195,3196,3197,3198,3199,3194,3195,3196,3197,3198,3199,3194,3195,3196,3197,3198,3199,3194,3195,3196,3197,3198,3199,3194,3195,3196,3197,3198,3199,3194,3195,3196,3197,3198,3199,3194,3195,
3280,3281,3282,3283,3284,3285,3280,3281,3282,3283,3284,3285,3280,3281,3282,3283,3284,3285,3280,3281,3282,3283,3284,3285,3280,3281,3282,3283,3284,3285,3280,3281,3282,3283,3284,3285,3280,3281,3282,3283,3284,3285,3280,3281,3282,3283,3284,3285,3280,3281,
3022,3023,3024,3025,3026,3027,3022,3023,3024,3025,3026,3027,3022,3023,3024,3025,3026,3027,3022,3023,3024,3025,3026,3027,3022,3023,3024,3025,3026,3027,3022,3023,3024,3025,3026,3027,3022,3023,3024,3025,3026,3027,3022,3023,3024,3025,3026,3027,3022,3023,
3108,3109,3110,3111,3112,3113,3108,3109,3110,3111,3112,3113,3108,3109,3110,3111,3112,3113,3108,3109,3110,3111,3112,3113,3108,3109,3110,3111,3112,3113,3108,3109,3110,3111,3112,3113,3108,3109,3110,3111,3112,3113,3108,3109,3110,3111,3112,3113,3108,3109,
3194,3195,3196,3197,3198,3199,3194,3195,3196,3197,3198,3199,3194,3195,3196,3197,3198,3199,3194,3195,3196,3197,3198,3199,3194,3195,3196,3197,3198,3199,3194,3195,3196,3197,3198,3199,3194,3195,3196,3197,3198,3199,3194,3195,3196,3197,3198,3199,3194,3195,
3280,3281,3282,3283,3284,3285,3280,3281,3282,3283,3284,3285,3280,3281,3282,3283,3284,3285,3280,3281,3282,3283,3284,3285,3280,3281,3282,3283,3284,3285,3280,3281,3282,3283,3284,3285,3280,3281,3282,3283,3284,3285,3280,3281,3282,3283,3284,3285,3280,3281,
3022,3023,3024,3025,3026,3027,3022,3023,3024,3025,3026,3027,3022,3023,3024,3025,3026,3027,3022,3023,3024,3025,3026,3027,3022,3023,3024,3025,3026,3027,3022,3023,3024,3025,3026,3027,3022,3023,3024,3025,3026,3027,3022,3023,3024,3025,3026,3027,3022,3023

[layer]
type=BackgroundLayer
data=
0,0,0,0,0,0,0,0,0,0,0,0,0,0,0,0,0,0,0,0,0,0,0,0,0,0,0,0,0,0,0,0,0,0,0,0,0,0,0,0,0,0,0,0,0,0,0,0,0,0,
0,0,0,0,0,0,0,0,0,0,0,0,0,0,0,0,0,0,0,0,0,0,0,0,0,0,0,0,0,0,0,0,0,0,0,0,0,0,0,0,0,0,0,0,0,0,0,0,0,0,
0,0,0,0,0,0,0,0,0,0,0,0,0,0,0,0,0,0,0,0,0,0,0,0,0,0,0,0,0,0,0,0,0,0,0,0,0,0,0,0,0,0,0,0,0,0,0,0,0,0,
0,0,0,0,0,0,0,0,0,0,0,0,0,0,0,0,0,0,0,0,0,0,0,0,0,0,0,0,0,0,0,0,0,0,0,0,0,0,0,0,0,0,0,0,0,0,0,0,0,0,
0,0,0,0,0,0,0,0,0,0,0,0,0,0,0,0,0,0,0,0,0,0,0,0,0,0,0,0,0,0,0,0,0,0,0,0,0,0,0,0,0,0,0,0,0,0,0,0,0,0,
0,0,0,0,0,0,0,0,0,0,0,0,0,0,0,0,0,0,0,0,0,0,0,0,0,0,0,0,0,0,0,0,0,0,0,0,0,0,0,0,0,0,0,0,0,0,0,0,0,0,
0,0,0,0,0,0,0,0,0,0,0,0,0,0,0,0,0,0,0,0,0,0,0,0,0,0,0,0,0,0,0,0,0,0,0,0,0,0,0,0,0,0,0,0,0,0,0,0,0,0,
0,0,0,0,0,0,0,0,0,0,0,0,0,0,0,0,0,0,0,0,0,0,0,0,0,0,0,0,0,0,0,0,0,0,0,0,0,0,0,0,0,0,0,0,0,0,0,0,0,0,
0,0,0,0,0,0,0,0,0,0,0,0,0,0,0,0,0,0,0,0,0,0,0,0,0,0,0,0,0,0,0,0,0,0,0,0,0,0,0,0,0,0,0,0,0,0,0,0,0,0,
0,0,0,0,0,0,0,0,0,0,0,0,0,0,0,0,0,0,0,0,0,0,0,0,0,0,0,0,0,0,0,0,0,0,0,0,0,0,0,0,0,0,0,0,0,0,0,0,0,0,
0,0,0,0,0,0,0,0,0,0,0,0,0,0,0,0,0,0,0,0,0,0,0,0,0,0,0,0,0,0,0,0,0,0,0,0,0,0,0,0,0,0,0,0,0,0,0,0,0,0,
0,0,0,0,0,0,0,0,0,0,0,0,0,0,0,0,0,0,0,0,0,0,0,0,0,0,0,0,0,0,0,0,0,0,0,0,0,0,0,0,0,0,0,0,0,0,0,0,0,0,
0,0,0,0,0,0,0,0,0,0,0,0,0,0,0,0,0,0,0,0,0,0,0,0,0,0,0,0,0,0,0,0,0,0,0,0,0,0,0,0,0,0,0,0,0,0,0,0,0,0,
0,0,0,0,0,0,0,0,0,0,0,0,0,0,0,0,0,0,0,0,0,0,0,0,0,0,0,0,0,0,0,0,0,0,0,0,0,0,0,0,0,0,0,0,0,0,0,0,0,0,
0,0,0,0,0,0,0,0,0,0,0,0,0,0,0,0,0,0,0,0,0,0,0,0,0,0,0,0,0,0,0,0,0,0,0,0,0,0,0,0,0,0,0,0,0,0,0,0,0,0,
0,0,0,0,0,0,0,0,0,0,0,0,0,0,0,0,0,0,0,0,0,0,0,0,0,0,0,0,0,0,0,0,0,0,0,0,0,0,0,0,0,0,0,0,0,0,0,0,0,0,
0,0,0,0,0,0,0,0,0,0,0,0,0,0,0,0,0,0,0,0,0,0,0,0,0,0,0,0,0,0,0,0,0,0,0,0,0,0,0,0,0,0,0,0,0,0,0,0,0,0,
0,0,0,0,0,0,0,0,0,0,0,0,0,0,0,0,0,0,0,0,0,0,0,0,0,0,0,0,0,0,0,0,0,0,0,0,0,0,0,0,0,0,0,0,0,0,0,0,0,0,
0,0,0,0,0,0,0,0,0,0,0,0,0,0,0,0,0,0,0,0,0,0,0,0,0,0,0,0,0,0,0,0,0,0,0,0,0,0,0,0,0,0,0,0,0,0,0,0,0,0,
0,0,0,0,0,0,0,0,0,0,0,0,0,0,0,0,0,0,0,0,0,0,0,0,0,0,0,0,0,0,0,0,0,0,0,0,0,0,0,0,0,0,0,0,0,0,0,0,0,0,
0,0,0,0,0,0,0,0,0,0,0,0,0,0,0,0,0,0,0,0,0,0,0,0,0,0,0,0,0,0,0,0,0,0,0,0,0,0,0,0,0,0,0,0,0,0,0,0,0,0,
0,0,0,0,0,0,0,0,0,0,0,0,0,0,0,0,0,0,0,0,0,0,0,0,0,0,0,0,0,0,0,0,0,0,0,0,0,0,0,0,0,0,0,0,0,0,0,0,0,0,
0,0,0,0,0,0,0,0,0,0,0,0,0,0,0,0,0,0,0,0,0,0,0,0,0,0,0,0,0,0,0,0,0,0,0,0,0,0,0,0,0,0,0,0,0,0,0,0,0,0,
0,0,0,0,0,0,0,0,0,0,0,0,0,0,0,0,0,0,0,0,0,0,0,0,0,0,0,0,0,0,0,0,0,0,0,0,0,0,0,0,0,0,0,0,0,0,0,0,0,0,
0,0,0,0,0,0,0,0,0,0,0,0,0,0,0,0,0,0,0,0,0,0,0,0,0,0,0,0,0,0,0,0,0,0,0,0,0,0,0,0,0,0,0,0,0,0,0,0,0,0

[layer]
type=BackgroundLayer
data=
0,0,0,0,0,0,0,0,0,0,0,0,0,0,0,0,0,0,0,0,0,0,0,0,0,0,0,0,0,0,0,0,0,0,0,0,0,0,0,0,0,0,0,0,0,0,0,0,0,0,
0,0,0,0,0,0,0,0,0,0,0,0,0,0,0,0,0,0,0,0,0,0,0,0,0,0,0,0,0,0,0,0,0,0,0,0,0,0,0,0,0,0,0,0,0,0,0,0,0,0,
0,0,0,0,0,0,0,0,0,0,0,0,0,0,0,0,0,0,0,0,0,0,0,0,0,0,0,0,0,0,0,0,0,0,0,0,0,0,0,0,0,0,0,0,0,0,0,0,0,0,
0,0,0,0,0,0,0,0,0,0,0,0,0,1996,1997,1998,1999,0,0,0,0,0,0,0,4301,4302,0,0,0,0,0,0,0,0,0,0,0,0,0,0,0,0,0,0,0,0,0,0,0,0,
0,0,0,0,0,0,0,0,0,0,0,0,0,2082,2083,2084,2085,0,0,0,0,0,0,0,4387,4388,0,961,0,0,0,0,0,0,0,0,0,0,0,0,0,960,0,0,0,0,0,960,0,0,
0,0,0,0,0,0,0,0,0,0,0,0,0,2168,2169,2170,2171,0,0,0,0,0,702,0,4473,4474,0,1047,0,0,0,0,0,0,0,0,0,0,0,0,0,1046,0,0,0,0,0,1046,0,0,
0,0,0,0,0,0,0,0,0,0,0,0,0,2254,2255,2256,2257,0,0,0,0,0,0,0,0,0,0,0,0,0,0,0,0,0,0,0,0,0,0,0,0,0,0,0,0,0,0,0,0,0,
0,0,0,0,0,0,0,0,0,0,0,0,0,0,0,0,0,0,0,0,0,0,0,0,0,0,0,0,0,0,0,0,0,0,0,0,0,0,0,0,0,0,0,0,0,0,0,0,0,0,
0,0,0,0,0,0,0,0,0,0,0,0,0,0,0,0,0,0,0,0,0,0,0,0,0,0,0,0,0,0,0,0,0,0,0,0,0,0,0,0,0,0,0,0,0,0,0,0,0,0,
0,0,0,0,0,0,0,0,0,0,0,0,0,0,0,0,0,0,0,0,0,0,0,0,0,0,0,0,0,0,0,0,0,0,0,0,0,0,0,0,0,0,0,0,0,0,0,0,0,0,
0,0,0,702,0,0,0,0,0,0,0,0,0,0,0,0,0,0,0,0,0,0,0,0,0,0,0,0,0,0,0,0,0,0,0,0,0,0,0,0,0,0,0,0,0,0,0,0,0,0,
0,0,0,0,0,0,0,0,0,0,0,0,0,0,0,0,0,0,0,0,0,0,0,0,0,0,0,0,0,0,0,0,0,0,0,0,0,0,0,0,0,0,0,0,0,0,0,0,0,0,
0,0,0,0,0,0,0,0,0,0,0,0,0,0,0,0,0,0,0,0,0,0,0,0,0,0,0,0,0,0,0,0,0,0,0,0,0,0,0,0,0,702,0,0,0,0,0,0,0,0,
0,0,0,0,0,0,0,0,0,0,0,0,0,0,0,0,0,0,0,0,0,0,0,0,0,0,0,0,0,0,0,0,0,0,0,0,0,0,0,0,0,0,0,0,0,0,0,0,0,0,
0,0,0,0,0,0,0,0,0,0,0,0,0,0,0,0,0,0,0,0,0,0,0,0,0,0,0,0,0,0,0,0,0,0,0,0,0,0,0,0,0,0,0,0,0,0,0,0,0,0,
0,0,0,0,0,0,0,0,0,0,0,0,0,0,0,0,0,703,0,0,0,1219,0,0,0,0,0,0,0,0,0,0,0,0,0,0,0,0,0,0,0,0,0,0,0,0,0,0,0,0,
0,0,0,0,0,0,0,0,0,0,0,0,0,0,0,0,0,0,0,0,0,0,0,0,0,0,0,0,0,0,0,0,0,0,0,0,0,0,0,0,0,0,0,0,0,0,0,0,0,0,
0,0,0,0,0,0,0,0,0,0,0,0,0,0,0,0,0,0,0,0,0,0,0,0,0,0,0,0,1131,0,0,0,0,0,0,0,0,0,0,0,0,0,0,0,0,0,0,2253,0,0,
0,0,0,0,0,0,0,0,0,0,0,0,0,0,0,0,0,0,0,0,0,0,0,0,0,0,0,0,0,0,0,0,0,0,0,0,0,2182,2183,0,0,0,0,0,0,0,0,0,0,0,
0,0,0,0,0,0,0,0,0,0,0,0,0,0,0,0,0,0,0,0,0,0,0,0,0,0,0,0,0,0,0,0,0,0,0,0,0,2268,2269,0,0,0,0,0,0,0,0,0,0,0,
0,0,0,0,0,0,0,0,0,0,0,0,0,0,0,0,0,0,0,0,0,0,0,0,0,0,0,0,0,0,0,0,0,0,0,0,0,0,0,0,0,0,0,0,0,0,0,0,0,0,
0,0,0,0,0,0,0,0,0,0,0,0,0,0,0,0,0,0,0,0,4559,4560,0,0,0,0,0,0,0,0,0,0,0,0,0,0,0,0,0,0,0,0,0,0,0,0,0,0,0,0,
0,0,0,0,0,0,2178,2179,0,2180,2181,0,2178,2179,0,0,0,0,0,0,4645,4646,0,0,0,0,0,0,0,0,0,0,0,0,0,0,0,0,0,0,0,0,0,0,0,0,0,0,0,0,
0,0,0,702,703,0,2264,2265,0,2266,2267,0,2264,2265,0,0,0,0,0,0,4731,4732,0,0,0,0,0,0,0,702,0,0,0,0,0,0,0,0,0,0,0,0,0,0,0,0,1214,1131,0,0,
0,0,0,0,0,0,0,0,0,0,0,0,0,0,0,0,0,0,0,0,0,0,0,0,0,0,0,0,0,0,0,0,0,0,0,0,0,0,0,0,0,0,0,0,0,0,0,0,0,0

[layer]
type=TilesLayer
data=
529,526,527,527,527,527,527,527,527,527,527,527,527,527,527,527,527,527,527,527,527,527,527,527,527,527,527,527,527,527,527,527,527,527,527,527,527,527,527,527,527,527,527,527,527,527,527,527,528,529,
271,0,0,0,0,0,0,0,0,0,0,0,0,0,0,0,0,0,0,0,0,0,0,0,0,0,0,0,0,0,0,0,0,268,269,269,269,270,0,0,0,0,0,0,0,0,0,0,0,271,
357,0,0,0,0,0,0,0,0,0,0,0,0,0,0,0,0,0,0,0,0,0,0,0,0,0,0,0,0,0,0,0,0,354,355,355,355,356,0,0,0,0,0,0,0,0,0,0,0,357,
357,0,0,0,0,0,0,0,0,0,0,0,0,0,0,0,0,0,0,0,0,0,0,0,0,0,0,0,0,0,0,0,0,354,355,355,355,356,0,0,0,0,0,0,0,0,0,0,0,357,
357,0,0,0,0,0,0,0,0,0,0,0,0,0,0,0,0,0,0,0,0,0,0,0,0,0,0,0,0,0,0,0,0,354,355,355,355,356,0,0,0,0,0,0,0,0,0,0,0,357,
357,0,0,0,0,0,268,269,270,0,0,0,0,0,0,0,0,0,0,0,0,0,0,0,0,0,0,0,0,0,0,0,0,354,355,355,355,356,0,0,0,0,0,0,0,0,0,0,0,357,
357,0,0,0,0,0,354,355,356,0,0,0,0,0,0,0,0,0,0,0,0,0,268,269,269,269,269,270,0,0,0,0,0,354,355,355,355,356,0,0,268,269,269,269,269,269,269,269,270,357,
357,0,0,0,0,0,354,355,356,0,0,268,269,269,269,269,269,270,0,0,0,0,354,355,355,355,355,356,0,0,0,0,0,354,355,355,355,356,0,0,354,355,355,355,355,355,355,355,356,357,
357,0,0,0,0,0,354,355,356,0,0,440,441,441,441,273,355,356,0,0,0,0,440,273,355,355,272,442,0,0,0,0,0,440,441,273,355,356,0,0,440,441,441,441,441,441,441,441,442,357,
357,0,0,0,0,0,354,355,356,0,0,0,0,0,0,354,355,356,0,0,0,0,0,354,355,355,356,0,0,0,0,0,0,0,0,354,355,356,0,0,0,0,0,0,0,0,0,0,0,357,
357,0,0,0,0,0,354,355,356,0,0,0,0,0,0,354,355,356,0,0,0,0,0,354,355,355,356,0,0,0,0,0,0,0,0,354,355,356,0,0,0,0,0,0,0,0,0,0,0,357,
357,268,269,269,269,269,359,355,356,0,0,0,0,0,0,354,355,358,269,270,0,0,0,354,355,355,356,0,0,0,0,0,0,0,0,354,355,356,0,0,0,0,0,0,0,0,0,0,0,357,
357,354,355,355,355,355,355,355,356,0,0,0,0,0,0,440,441,441,441,442,0,0,0,354,355,355,356,0,0,0,0,0,0,0,0,354,355,356,0,0,0,0,0,0,0,0,0,0,0,357,
357,440,441,441,441,441,441,441,442,0,0,0,0,0,0,0,0,0,0,0,0,0,0,354,355,355,356,0,0,0,0,268,269,269,269,359,355,358,269,269,269,269,269,269,270,0,0,0,0,357,
357,0,0,0,0,0,0,0,0,0,0,0,0,0,0,0,0,0,0,0,0,0,0,354,355,355,356,0,0,0,0,440,441,441,441,273,355,355,355,355,355,355,355,355,356,529,0,0,0,357,
357,0,0,0,0,0,0,0,0,0,0,0,0,0,0,0,0,0,0,0,0,0,0,354,355,355,356,0,0,0,0,0,0,0,0,354,355,272,441,441,441,441,441,441,442,529,0,0,0,357,
357,0,0,0,0,0,0,0,0,0,0,0,0,0,0,268,269,269,269,269,269,269,269,359,355,355,356,0,0,0,0,0,0,0,0,440,441,442,0,0,0,0,0,0,0,0,0,0,0,357,
357,0,0,0,0,0,268,269,269,269,270,0,0,0,0,354,355,355,355,355,355,355,355,355,355,355,356,0,0,0,0,0,0,0,0,0,0,0,0,0,0,0,0,0,0,0,0,0,0,357,
357,0,0,0,0,0,354,355,355,355,358,269,269,269,269,359,355,272,441,441,441,441,441,441,273,355,358,269,269,270,0,0,0,0,0,0,0,0,0,0,0,0,0,0,0,0,268,269,270,357,
357,0,0,0,0,0,440,441,441,441,441,441,441,441,441,273,355,356,0,0,0,0,0,0,354,355,355,355,355,356,0,0,0,0,0,0,0,0,0,0,0,0,0,0,0,529,354,355,356,357,
357,0,0,0,0,0,0,0,0,0,0,0,0,0,0,354,355,356,0,0,0,0,0,0,440,441,441,441,441,442,0,0,0,0,0,0,268,269,269,270,0,0,0,0,529,529,440,441,442,357,
357,0,0,0,0,0,0,0,0,0,0,0,0,0,0,354,355,356,0,0,0,0,0,0,0,0,0,0,0,0,0,0,0,0,0,529,354,355,355,356,0,0,0,0,0,0,0,0,0,357,
357,0,0,0,0,0,0,0,0,0,0,0,0,0,0,354,355,356,0,0,0,0,0,0,0,0,0,0,0,0,0,0,0,0,529,529,354,355,355,356,0,0,0,0,0,0,0,0,0,357,
443,0,0,0,0,0,0,0,0,0,0,0,0,0,0,440,441,442,0,0,0,0,0,0,0,0,0,0,0,0,0,0,0,529,529,529,440,441,441,442,0,0,0,0,0,0,0,0,0,443,
529,526,527,527,527,527,527,527,527,527,527,527,527,527,527,527,527,527,527,527,527,527,527,527,527,527,527,527,527,527,527,527,527,527,527,527,527,527,527,527,527,527,527,527,527,527,527,527,528,529

[ObjectsLayer]
# Player
type=Player
location=24,4,1,1

[ObjectsLayer]
# Enemy1
type=Enemy
location=22,21,1,1

[ObjectsLayer]
# Enemy2
type=Enemy
location=44,4,1,1

[ObjectsLayer]
# Enemy3
type=Enemy
location=3,8,1,1

[ObjectsLayer]
# Enemy4
type=Enemy
location=12,16,1,1

